1001 0 0 32 32
1002 32 0 64 32
1003 64 0 96 32
1004 96 0 128 32
1005 128 0 160 32
1006 160 0 192 32
1007 192 0 224 32
1008 224 0 256 32
1009 256 0 288 32
1010 288 0 320 32
1011 320 0 352 32
1012 352 0 384 32
1013 384 0 416 32
1014 416 0 448 32
1015 448 0 480 32
1016 480 0 512 32
1017 512 0 544 32
1018 544 0 32 32
1019 0 0 64 32
1020 0 0 96 32
1021 0 0 128 32
1022 0 0 160 32
1023 0 0 192 32
1024 0 0 224 32
1025 0 0 256 32
1026 0 0 288 32
1027 0 0 320 32
1028 0 0 352 32
1029 0 0 384 32
1030 0 0 416 32
1031 0 0 448 32
1032 0 0 480 32
1033 0 0 512 32
1034 0 0 544 32
1035 0 0 32 32
1036 0 0 64 32
1037 0 0 96 32
1038 0 0 128 32
1039 0 0 160 32
1040 0 0 192 32
1041 0 0 224 32
1042 0 0 256 32
1043 0 0 288 32
1044 0 0 320 32
1045 0 0 352 32
1046 0 0 384 32
1047 0 0 416 32
1048 0 0 448 32
1049 0 0 480 32
1050 0 0 512 32
1051 0 0 544 32
1052 0 0 32 32
1053 0 0 64 32
1054 0 0 96 32
1055 0 0 128 32
1056 0 0 160 32
1057 0 0 192 32
1058 0 0 224 32
1059 0 0 256 32
1060 0 0 288 32
1061 0 0 224 32
1062 0 0 256 32
1063 0 0 288 32
1064 0 0 320 32
1065 0 0 352 32
1066 0 0 384 32
1067 0 0 416 32
1068 0 0 448 32
1069 0 0 480 32
1070 0 0 512 32
1071 0 0 544 32
1072 0 0 32 32
1073 0 0 64 32
1074 0 0 96 32
1075 0 0 128 32
1076 0 0 160 32
1077 0 0 192 32
1078 0 0 224 32
1079 0 0 256 32

