79 47 11
0 0 1 2 1 2 1 2 1 2 1 2 0 0 0 0 0 0 1 2 1 2 1 2 1 2 1 2 0 0 0 0 0 0 0 0 0 0 0 0 3 4 5 6 5 6 7
8 9 10 11 10 11 10 11 10 11 10 11 12 12 12 12 8 9 10 11 10 11 10 11 10 11 10 11 12 12 12 12 12 12 12 12 12 12 12 12 13 14 15 16 15 16 17
18 19 18 19 18 19 18 19 18 19 18 19 20 21 20 21 18 19 18 19 18 19 18 19 18 19 18 19 20 21 20 21 20 21 20 21 20 21 20 21 22 23 24 25 24 25 26
27 28 29 30 27 28 27 28 27 28 27 28 10 11 10 11 27 28 29 30 27 28 27 28 27 28 27 28 10 11 10 11 10 11 10 11 31 32 31 32 22 15 33 34 35 25 36
18 19 37 38 18 19 18 19 18 19 18 19 18 19 18 19 18 19 37 38 18 19 18 19 18 19 18 19 18 19 18 19 18 19 18 19 37 38 37 38 22 39 40 22 24 25 41
29 30 42 22 29 30 29 30 29 30 29 30 29 30 29 30 29 30 42 22 29 30 29 30 29 30 29 30 29 30 29 30 29 30 29 30 42 22 42 22 22 35 43 22 35 25 17
37 38 44 45 37 38 37 38 37 38 37 38 37 38 37 38 37 38 44 45 37 38 37 38 37 38 37 38 37 38 37 38 37 38 37 38 44 45 22 22 22 39 41 22 24 25 26
46 47 48 49 42 22 46 47 46 47 42 22 46 47 42 22 46 47 48 49 42 22 46 47 46 47 42 22 46 47 42 22 42 22 42 22 48 49 22 22 22 39 50 22 39 51 52
53 54 55 56 57 57 53 54 53 54 57 57 53 54 57 57 53 54 55 56 57 57 53 54 53 54 57 57 53 54 57 57 57 57 58 59 55 56 60 61 62 63 64 22 65 66 26
67 68 69 70 71 71 67 68 67 68 71 71 67 68 71 71 67 68 69 70 71 71 67 68 67 68 71 71 67 68 71 71 71 71 72 73 69 70 74 72 75 76 77 71 77 78 78
22 22 22 22 22 22 22 22 22 22 22 22 22 22 22 22 22 22 22 22 22 22 22 22 22 22 22 22 22 22 22 22 22 22 22 22 22 22 22 22 22 22 22 22 22 22 22
